year,Minimally invasive procedures,surgical procedures,total procedures
2010,11561449,1555614,13117063
2011,12249647,1623878,13873525
2012,13034750,1594426,14629176
2013,13447933,1668420,15116353
2014,13945388,1677478,15622866
2015,14969785,1715244,16685029
2016,15411829,1780987,17192816
2017,15653867,1790832,17444699
2018,15909931,1811740,17721671
2019,15750363,2678302,18428665
2020,13281235,2314720,15595955